 1 drift 46.42 3.0 3.0                                                                                                                                                                                                                                           
 68 mhb4 24.0 1.0 140.0 1 5274.67 0.0 2 -1510.54 0.0 3 917.54 0.0 4 -630.22 0.0 100                                                                                                                                                                              
 -1 scrch                                                                                                                                                                                                                                                        
 1 drift 42.7 3.0 3.0                                                                                                                                                                                                                                            
 71 eq3d 7.365769295005233 17.5 3.0 60                                                                                                                                                                                                                           
 72 eq3d -2.7146137603592253 17.5 3.0 60                                                                                                                                                                                                                         
 1 drift 89.1 3.0 3.0                                                                                                                                                                                                                                            
 71 eq3d 0.41779738116088616 17.5 3.0 60                                                                                                                                                                                                                         
 72 eq3d -0.9104722717030507 17.5 3.0 60                                                                                                                                                                                                                         
 1 drift 116.9 3.0 3.0                                                                                                                                                                                                                                           
 71 eq3d 3.807934738596952 17.5 3.0 60                                                                                                                                                                                                                           
 72 eq3d -7.276167968215064 17.5 3.0 60                                                                                                                                                                                                                          
