 1 drift 46.42 3.0 3.0                                                                                                                                                                                                                                           
 68 mhb4 24.0 1.0 140.0 1 5274.67 0.0 2 -1510.54 0.0 3 917.54 0.0 4 -630.22 0.0 100                                                                                                                                                                              
 -1 scrch                                                                                                                                                                                                                                                        
 1 drift 42.7 3.0 3.0                                                                                                                                                                                                                                            
 71 eq3d 3.594948921520716 17.5 3.0 60                                                                                                                                                                                                                           
 72 eq3d -1.1840415168774658 17.5 3.0 60                                                                                                                                                                                                                         
 1 drift 89.1 3.0 3.0                                                                                                                                                                                                                                            
 71 eq3d 2.503978631221532 17.5 3.0 60                                                                                                                                                                                                                           
 72 eq3d -7.605567862870591 17.5 3.0 60                                                                                                                                                                                                                          
 1 drift 116.9 3.0 3.0                                                                                                                                                                                                                                           
 71 eq3d 0.628375226740121 17.5 3.0 60                                                                                                                                                                                                                           
 72 eq3d -7.257681966619481 17.5 3.0 60                                                                                                                                                                                                                          
