 1 drift 46.42 3.0 3.0                                                                                                                                                                                                                                           
 68 mhb4 24.0 1.0 140.0 1 5274.67 0.0 2 -1510.54 0.0 3 917.54 0.0 4 -630.22 0.0 100                                                                                                                                                                              
 -1 scrch                                                                                                                                                                                                                                                        
 1 drift 42.7 3.0 3.0                                                                                                                                                                                                                                            
 71 eq3d 1.4995899373390715 17.5 3.0 60                                                                                                                                                                                                                          
 72 eq3d -2.7600369949515198 17.5 3.0 60                                                                                                                                                                                                                         
 1 drift 89.1 3.0 3.0                                                                                                                                                                                                                                            
 71 eq3d 0.6533323074096895 17.5 3.0 60                                                                                                                                                                                                                          
 72 eq3d -0.729151356506212 17.5 3.0 60                                                                                                                                                                                                                          
 1 drift 116.9 3.0 3.0                                                                                                                                                                                                                                           
 71 eq3d 5.5893757624301355 17.5 3.0 60                                                                                                                                                                                                                          
 72 eq3d -3.233954044393718 17.5 3.0 60                                                                                                                                                                                                                          
